1,1,1,1,1,1,1,1,1,1,1;1,1,1,1,1,1,1,1,1,1,1;1,1,1,1,1,1,1,1,1,1,1;1,1,1,1,1,1,1,1,1,1,1;1,1,1,1,5,5,5,1,1,1,1;1,1,1,1,5,5,5,5,1,1,1;1,1,1,1,5,5,5,1,1,1,1;1,1,1,1,1,5,1,1,1,1,1;1,1,1,1,1,1,1,1,1,1,1;1,1,1,1,1,1,1,1,1,1,1;1,1,1,1,1,1,1,1,1,1,1
1,1,1,1,1,1,1,1,1,1,1;1,1,1,1,1,1,1,1,1,1,1;1,1,1,1,1,1,1,1,1,1,1;1,1,1,1,0.84,0.84,0.84,1,1,1,1;1,1,1,0.84,4.52,4.76,4.92,1.08,1,1,1;1,1,1,0.84,4.76,5,5,5.08,1.24,1,1;1,1,1,0.84,4.92,5,5.32,1.48,1,1,1;1,1,1,1,1.08,5.08,1.48,1,1,1,1;1,1,1,1,1,1.24,1,1,1,1,1;1,1,1,1,1,1,1,1,1,1,1;1,1,1,1,1,1,1,1,1,1,1
1,1,1,1,1,1,1,1,1,1,1;1,1,1,1,1,1,1,1,1,1,1;1,1,1,1,1.0064,1.0064,1.0064,1,1,1,1;1,1,1,1.0128,0.712,0.6928,0.68,0.9872,1,1,1;1,1,1.0064,0.712,4.0592,4.4944,4.816,1.1488,0.9952,1,1;1,1,1.0064,0.6928,4.4944,4.9712,4.9792,5.1328,1.4752,1.0144,1;1,1,1.0064,0.68,4.816,4.9792,5.5888,1.9648,1.0432,1,1;1,1,1,0.9872,1.1488,5.1328,1.9648,1.0576,1,1,1;1,1,1,1,0.9952,1.4752,1.0432,1,1,1,1;1,1,1,1,1,1.0144,1,1,1,1,1;1,1,1,1,1,1,1,1,1,1,1
1,1,1,1,1,1.00086,1,1,1,1,1;1,1,1,1,0.999744,0.999744,0.999744,1,1,1,1;1,1,1,0.999232,1.01741,1.01856,1.01933,1.0009,1,1,1;1,1,0.999232,1.03533,0.614592,0.561216,0.522624,0.96256,0.999424,1,1;1,0.999744,1.01741,0.614592,3.62272,4.20826,4.6887,1.20592,0.985312,0.999136,1;1.00086,0.999744,1.01856,0.561216,4.20826,4.91334,4.9384,5.15757,1.70157,1.04234,1.00086;1,0.999744,1.01933,0.522624,4.6887,4.9384,5.80557,2.44547,1.12787,1.00346,1;1,1,1.0009,0.96256,1.20592,5.15757,2.44547,1.17107,1.00605,1,1;1,1,1,0.999424,0.985312,1.70157,1.12787,1.00605,1,1,1;1,1,1,1,0.999136,1.04234,1.00346,1,1,1,1;1,1,1,1,1,1.00086,1,1,1,1,1
1,1,1,1,0.999924,1.00338,1.00027,1,1,1,1;1,1,1,1.00004,0.999068,0.999059,0.998966,0.999949,1,1,1;1,1,1.00006,0.997153,1.03132,1.03562,1.03871,1.00352,1.00008,1,1;1,1.00004,0.997153,1.06466,0.545815,0.447521,0.370501,0.927255,0.997788,1,1;0.999924,0.999068,1.03132,0.545815,3.2149,3.90688,4.53924,1.25104,0.970192,0.996596,0.999924;1.00338,0.999059,1.03562,0.447521,3.90688,4.82673,4.87846,5.15404,1.91527,1.08251,1.00338;1.00027,0.998966,1.03871,0.370501,4.53924,4.87846,5.97032,2.91348,1.2512,1.01353,1.00027;1,0.999949,1.00352,0.927255,1.25104,5.15404,2.91348,1.3372,1.02374,1.00057,1;1,1,1.00008,0.997788,0.970192,1.91527,1.2512,1.02374,1.00073,1,1;1,1,1,1,0.996596,1.08251,1.01353,1.00057,1,1,1;1,1,1,1,0.999924,1.00338,1.00027,1,1,1,1
1,1,1,1,0.999625,1.00822,1.00131,1.00005,1,1,1;1,1,0.999996,1.00019,0.997888,0.997859,0.99742,0.999748,0.999994,1,1;1,0.999996,1.00029,0.993434,1.04659,1.05657,1.06428,1.0086,1.00037,1,1;1,1.00019,0.993434,1.09806,0.503244,0.353412,0.226195,0.882653,0.994709,1,1;0.999625,0.997888,1.04659,0.503244,2.83925,3.59571,4.36913,1.28402,0.94984,0.991646,0.999625;1.00822,0.997859,1.05657,0.353412,3.59571,4.71221,4.80031,5.1225,2.11276,1.13325,1.00822;1.00131,0.99742,1.06428,0.226195,4.36913,4.80031,6.08384,3.36087,1.40939,1.03298,1.00131;1.00005,0.999748,1.0086,0.882653,1.28402,5.1225,3.36087,1.55143,1.05805,1.00278,1.00005;1,0.999994,1.00037,0.994709,0.94984,2.11276,1.40939,1.05805,1.00355,1.00008,1;1,1,1,1,0.991646,1.13325,1.03298,1.00278,1.00008,1,1;1,1,1,1,0.999625,1.00822,1.00131,1.00005,1,1,1
1,1,1,1.00001,0.998894,1.01589,1.00383,1.00031,1.00001,1,1;1,1,0.999977,1.00053,0.996184,0.996152,0.994913,0.999263,0.999964,0.999999,1;1,0.999977,1.0008,0.987939,1.06181,1.08027,1.09556,1.01678,1.00109,1.00003,1;1.00001,1.00053,0.987939,1.13309,0.484087,0.279988,0.0921378,0.830285,0.989908,1.00002,1.00001;0.998894,0.996184,1.06181,0.484087,2.49842,3.28019,4.18031,1.30487,0.924393,0.983656,0.998894;1.01589,0.996152,1.08027,0.279988,3.28019,4.57118,4.70492,5.06372,2.29089,1.19253,1.01589;1.00383,0.994913,1.09556,0.0921378,4.18031,4.70492,6.14765,3.78038,1.59779,1.06405,1.00383;1.00031,0.999263,1.01678,0.830285,1.30487,5.06372,3.78038,1.80804,1.11312,1.00813,1.00031;1.00001,0.999964,1.00109,0.989908,0.924393,2.29089,1.59779,1.11312,1.01036,1.00045,1.00001;1,0.999999,1.00003,1.00002,0.983656,1.19253,1.06405,1.00813,1.00045,1.00001,1;1,1,1,1.00001,0.998894,1.01589,1.00383,1.00031,1.00001,1,1
1,1,1,1.00003,0.997475,1.02674,1.00867,1.00104,1.00005,1,1;1,1,0.999925,1.00114,0.993983,0.994023,0.991323,0.998336,0.999878,0.999996,1;1,0.999925,1.00173,0.980706,1.07581,1.10552,1.13189,1.02854,1.00245,1.00009,1;1.00003,1.00114,0.980706,1.16759,0.485281,0.227757,-0.0294388,0.771818,0.983218,1.00007,1.00003;0.997475,0.993983,1.07581,0.485281,2.19415,2.96563,3.97504,1.31379,0.894123,0.972117,0.997475;1.02674,0.994023,1.10552,0.227757,2.96563,4.40556,4.59336,4.9789,2.44693,1.25811,1.02674;1.00867,0.991323,1.13189,-0.0294388,3.97504,4.59336,6.16391,4.16562,1.81107,1.10843,1.00867;1.00104,0.998336,1.02854,0.771818,1.31379,4.9789,4.16562,2.10031,1.1922,1.0184,1.00104;1.00005,0.999878,1.00245,0.983218,0.894123,2.44693,1.81107,1.1922,1.02349,1.00155,1.00005;1,0.999996,1.00009,1.00007,0.972117,1.25811,1.10843,1.0184,1.00155,1.00006,1;1,1,1,1.00003,0.997475,1.02674,1.00867,1.00104,1.00005,1,1
1,1,1.00001,1.00009,0.995076,1.0409,1.01674,1.00269,1.00021,1.00001,1;1,1.00001,0.999813,1.00211,0.991348,0.991632,0.986623,0.996807,0.999689,0.999986,1;1.00001,0.999813,1.0032,0.971913,1.08763,1.1311,1.17246,1.04424,1.00472,1.00023,1.00001;1.00009,1.00211,0.971913,1.19975,0.503598,0.196647,-0.136557,0.709011,0.974577,1.00018,1.00009;0.995076,0.991348,1.08763,0.503598,1.92737,2.65709,3.75592,1.31113,0.859417,0.956661,0.995076;1.0409,0.991632,1.1311,0.196647,2.65709,4.21775,4.46675,4.86967,2.57866,1.32752,1.0409;1.01674,0.986623,1.17246,-0.136557,3.75592,4.46675,6.1353,4.51111,2.04335,1.16716,1.01674;1.00269,0.996807,1.04424,0.709011,1.31113,4.86967,4.51111,2.4208,1.29752,1.0356,1.00269;1.00021,0.999689,1.00472,0.974577,0.859417,2.57866,2.04335,1.29752,1.04549,1.00399,1.00021;1.00001,0.999986,1.00023,1.00018,0.956661,1.32752,1.16716,1.0356,1.00399,1.00025,1.00001;1,1,1.00001,1.00009,0.995076,1.0409,1.01674,1.00269,1.00021,1.00001,1
1,0.999998,1.00003,1.00021,0.991388,1.05829,1.02898,1.00584,1.00062,1.00004,1;0.999998,1.00002,0.99961,1.00349,0.988354,0.989193,0.980889,0.994536,0.999334,0.999959,0.999998;1.00003,0.99961,1.00529,0.96186,1.09653,1.15585,1.21632,1.06408,1.00818,1.0005,1.00003;1.00021,1.00349,0.96186,1.2281,0.535736,0.186041,-0.227546,0.643683,0.964035,1.00039,1.00021;0.991388,0.988354,1.09653,0.535736,1.69814,2.3593,3.5258,1.29742,0.820769,0.937066,0.991388;1.05829,0.989193,1.15585,0.186041,2.3593,4.01055,4.3263,4.73797,2.68443,1.39822,1.05829;1.02898,0.980889,1.21632,-0.227546,3.5258,4.3263,6.06501,4.81239,2.28841,1.24063,1.02898;1.00584,0.994536,1.06408,0.643683,1.29742,4.73797,4.81239,2.76149,1.43023,1.06179,1.00584;1.00062,0.999334,1.00818,0.964035,0.820769,2.68443,2.28841,1.43023,1.07905,1.00868,1.00062;1.00004,0.999959,1.0005,1.00039,0.937066,1.39822,1.24063,1.06179,1.00868,1.00071,1.00004;1,0.999998,1.00003,1.00021,0.991388,1.05829,1.02898,1.00584,1.00062,1.00004,1
1.00001,0.999994,1.00006,1.00043,0.986104,1.0786,1.04629,1.01125,1.00149,1.00012,1.00001;0.999994,1.00005,0.999277,1.00533,0.985084,0.986954,0.97431,0.991422,0.998744,0.999903,0.999994;1.00006,0.999277,1.00808,0.950927,1.10202,1.17866,1.26241,1.08809,1.01308,1.00095,1.00006;1.00043,1.00533,0.950927,1.25154,0.578418,0.194824,-0.301082,0.57767,0.951739,1.00075,1.00043;0.986104,0.985084,1.10202,0.578418,1.50576,2.07653,3.28773,1.27334,0.778766,0.913269,0.986104;1.0786,0.986954,1.17866,0.194824,2.07653,3.78714,4.17331,4.586,2.76311,1.46762,1.0786;1.04629,0.97431,1.26241,-0.301082,3.28773,4.17331,5.95658,5.06608,2.53985,1.32858,1.04629;1.01125,0.991422,1.08809,0.57767,1.27334,4.586,5.06608,3.1141,1.59038,1.09899,1.01125;1.00149,0.998744,1.01308,0.951739,0.778766,2.76311,2.53985,1.59038,1.12682,1.01673,1.00149;1.00012,0.999903,1.00095,1.00075,0.913269,1.46762,1.32858,1.09899,1.01673,1.00172,1.00012;1.00001,0.999994,1.00006,1.00043,0.986104,1.0786,1.04629,1.01125,1.00149,1.00012,1.00001
1.00002,0.999984,1.00013,1.00081,0.978934,1.10135,1.06944,1.0198,1.00315,1.00031,1.00002;0.999984,1.00011,0.998776,1.00766,0.981607,0.985179,0.967179,0.987425,0.99785,0.999801,0.999984;1.00013,0.998776,1.0116,0.939552,1.10382,1.19856,1.30961,1.11617,1.01966,1.00166,1.00013;1.00081,1.00766,0.939552,1.26932,0.628471,0.221438,-0.356221,0.512781,0.937933,1.00134,1.00081;0.978934,0.981607,1.10382,0.628471,1.34882,1.81251,3.04488,1.23974,0.734065,0.885361,0.978934;1.10135,0.985179,1.19856,0.221438,1.81251,3.55097,4.00917,4.41619,2.81417,1.53321,1.10135;1.06944,0.967179,1.30961,-0.356221,3.04488,4.00917,5.81382,5.26983,2.79125,1.43007,1.06944;1.0198,0.987425,1.11617,0.512781,1.23974,4.41619,5.26983,3.47024,1.77697,1.14905,1.0198;1.00315,0.99785,1.01966,0.937933,0.734065,2.81417,2.79125,1.77697,1.19126,1.02948,1.00315;1.00031,0.999801,1.00166,1.00134,0.885361,1.53321,1.43007,1.14905,1.02948,1.00365,1.00031;1.00002,0.999984,1.00013,1.00081,0.978934,1.10135,1.06944,1.0198,1.00315,1.00031,1.00002
1.00006,0.999964,1.00024,1.0014,0.969628,1.12584,1.09907,1.03249,1.00606,1.00071,1.00006;0.999964,1.0002,0.998069,1.01048,0.977979,0.984119,0.959888,0.982586,0.996593,0.999633,0.999964;1.00024,0.998069,1.01583,0.9282,1.10185,1.21472,1.35677,1.14805,1.02813,1.0027,1.00024;1.0014,1.01048,0.9282,1.28102,0.68291,0.263951,-0.392416,0.45076,0.922946,1.00221,1.0014;0.969628,0.977979,1.10185,0.68291,1.22528,1.57039,2.80051,1.1976,0.687381,0.853585,0.969628;1.12584,0.984119,1.21472,0.263951,1.57039,3.3057,3.83535,4.23112,2.83764,1.5926,1.12584;1.09907,0.959888,1.35677,-0.392416,2.80051,3.83535,5.64079,5.42238,3.03636,1.54359,1.09907;1.03249,0.982586,1.14805,0.45076,1.1976,4.23112,5.42238,3.82165,1.98797,1.21354,1.03249;1.00606,0.996593,1.02813,0.922946,0.687381,2.83764,3.03636,1.98797,1.27448,1.04845,1.00606;1.00071,0.999633,1.0027,1.00221,0.853585,1.5926,1.54359,1.21354,1.04845,1.00702,1.00071;1.00006,0.999964,1.00024,1.0014,0.969628,1.12584,1.09907,1.03249,1.00606,1.00071,1.00006
1.00014,0.99993,1.00041,1.00229,0.957989,1.15122,1.13558,1.0504,1.01078,1.00148,1.00014;0.99993,1.00034,0.99712,1.01378,0.974227,0.984,0.95291,0.97704,0.994937,0.999379,0.99993;1.00041,0.99712,1.0207,0.917335,1.09624,1.22646,1.40275,1.18333,1.03865,1.00416,1.00041;1.00229,1.01378,0.917335,1.28653,0.738997,0.320132,-0.409527,0.393245,0.907177,1.00346,1.00229;0.957989,0.974227,1.09624,0.738997,1.13259,1.35268,2.55785,1.14803,0.639469,0.818328,0.957989;1.15122,0.984,1.22646,0.320132,1.35268,3.05509,3.65343,4.03345,2.83409,1.64359,1.15122;1.13558,0.95291,1.40275,-0.409527,2.55785,3.65343,5.4416,5.52348,3.26925,1.66708,1.13558;1.0504,0.97704,1.18333,0.393245,1.14803,4.03345,5.52348,4.16043,2.22041,1.29365,1.0504;1.01078,0.994937,1.03865,0.907177,0.639469,2.83409,3.26925,2.22041,1.37819,1.07527,1.01078;1.00148,0.999379,1.00416,1.00346,0.818328,1.64359,1.66708,1.29365,1.07527,1.0125,1.00148;1.00014,0.99993,1.00041,1.00229,0.957989,1.15122,1.13558,1.0504,1.01078,1.00148,1.00014
1.00032,0.999874,1.00066,1.00356,0.943889,1.17648,1.17912,1.07463,1.01803,1.00284,1.00032;0.999874,1.00055,0.995901,1.01753,0.970355,0.984992,0.946777,0.971026,0.992887,0.999025,0.999874;1.00066,0.995901,1.02614,0.9074,1.08727,1.2333,1.44645,1.22151,1.05135,1.00612,1.00066;1.00356,1.01753,0.9074,1.28603,0.794294,0.387528,-0.407816,0.341735,0.891087,1.00518,1.00356;0.943889,0.970355,1.08727,0.794294,1.06775,1.16122,2.32006,1.09226,0.591106,0.780108,0.943889;1.17648,0.984992,1.2333,0.387528,1.16122,2.80293,3.46507,3.8259,2.80459,1.68426,1.17648;1.17912,0.946777,1.44645,-0.407816,2.32006,3.46507,5.22047,5.57386,3.48443,1.798,1.17912;1.07463,0.971026,1.22151,0.341735,1.09226,3.8259,5.57386,4.4792,2.4705,1.39013,1.07463;1.01803,0.992887,1.05135,0.891087,0.591106,2.80459,3.48443,2.4705,1.50349,1.11164,1.01803;1.00284,0.999025,1.00612,1.00518,0.780108,1.68426,1.798,1.39013,1.11164,1.02091,1.00284;1.00032,0.999874,1.00066,1.00356,0.943889,1.17648,1.17912,1.07463,1.01803,1.00284,1.00032
1.00066,0.999791,1.00102,1.00531,0.92728,1.20054,1.22957,1.10624,1.02866,1.00509,1.00066;0.999791,1.00084,0.994391,1.02169,0.966335,0.987199,0.942054,0.964893,0.9905,0.998568,0.999791;1.00102,0.994391,1.03201,0.898793,1.07534,1.23495,1.48685,1.26197,1.06627,1.00866,1.00102;1.00531,1.02169,0.898793,1.27993,0.846709,0.463547,-0.387937,0.297554,0.875177,1.00746,1.00531;0.92728,0.966335,1.07534,0.846709,1.02746,0.997164,2.09017,1.0316,0.543075,0.739555,0.92728;1.20054,0.987199,1.23495,0.463547,0.997164,2.55296,3.27199,3.61116,2.75068,1.71299,1.20054;1.22957,0.942054,1.48685,-0.387937,2.09017,3.27199,4.98155,5.57514,3.67702,1.93343,1.22957;1.10624,0.964893,1.26197,0.297554,1.0316,3.61116,5.57514,4.77126,2.73375,1.50318,1.10624;1.02866,0.9905,1.06627,0.875177,0.543075,2.75068,3.67702,2.73375,1.65088,1.15923,1.02866;1.00509,0.998568,1.00866,1.00746,0.739555,1.71299,1.93343,1.50318,1.15923,1.03324,1.00509;1.00066,0.999791,1.00102,1.00531,0.92728,1.20054,1.22957,1.10624,1.02866,1.00509,1.00066
1.00126,0.999679,1.0015,1.00765,0.908205,1.22227,1.2865,1.14621,1.04362,1.00863,1.00126;0.999679,1.00123,0.992579,1.0262,0.962118,0.990644,0.939308,0.959096,0.9879,0.998022,0.999679;1.0015,0.992579,1.03816,0.891853,1.06097,1.23128,1.52303,1.30405,1.08342,1.01187,1.0015;1.00765,1.0262,0.891853,1.26885,0.894517,0.545535,-0.350905,0.261823,0.859978,1.0104,1.00765;0.908205,0.962118,1.06097,0.894517,1.00819,0.861013,1.87097,0.967426,0.496149,0.697394,0.908205;1.22227,0.990644,1.23128,0.545535,0.861013,2.30874,3.07599,3.3919,2.6743,1.72853,1.22227;1.2865,0.939308,1.52303,-0.350905,1.87097,3.07599,4.72892,5.52977,3.8428,2.07019,1.2865;1.14621,0.959096,1.30405,0.261823,0.967426,3.3919,5.52977,5.03072,3.00514,1.63247,1.14621;1.04362,0.9879,1.08342,0.859978,0.496149,2.6743,3.8428,3.00514,1.82015,1.21963,1.04362;1.00863,0.998022,1.01187,1.0104,0.697394,1.72853,2.07019,1.63247,1.21963,1.05061,1.00863;1.00126,0.999679,1.0015,1.00765,0.908205,1.22227,1.2865,1.14621,1.04362,1.00863,1.00126
1.00227,0.999539,1.00212,1.01068,0.886804,1.2405,1.34916,1.19539,1.06396,1.01396,1.00227;0.999539,1.00174,0.990465,1.031,0.957633,0.995257,0.939079,0.954185,0.985289,0.997431,0.999539;1.00212,0.990465,1.04439,0.886847,1.04473,1.22239,1.55422,1.347,1.10272,1.0158,1.00212;1.01068,1.031,0.886847,1.25356,0.936376,0.630858,-0.298066,0.235442,0.846032,1.01409,1.01068;0.886804,0.957633,1.04473,0.936376,1.00632,0.752607,1.66501,0.901175,0.45108,0.654421,0.886804;1.2405,0.995257,1.22239,0.630858,0.752607,2.07363,2.8789,3.17066,2.57776,1.72999,1.2405;1.34916,0.939079,1.55422,-0.298066,1.66501,2.8789,4.4665,5.44088,3.97832,2.2049,1.34916;1.19539,0.954185,1.347,0.235442,0.901175,3.17066,5.44088,5.25266,3.27924,1.77706,1.19539;1.06396,0.985289,1.10272,0.846032,0.45108,2.57776,3.97832,3.27924,2.01039,1.29423,1.06396;1.01396,0.997431,1.0158,1.01409,0.654421,1.72999,2.2049,1.77706,1.29423,1.07426,1.01396;1.00227,0.999539,1.00212,1.01068,0.886804,1.2405,1.34916,1.19539,1.06396,1.01396,1.00227
1.00389,0.999386,1.00291,1.01451,0.863313,1.25411,1.41654,1.25442,1.09081,1.02171,1.00389;0.999386,1.00237,0.988062,1.03605,0.952797,1.00088,0.941845,0.950795,0.98296,0.996875,0.999386;1.00291,0.988062,1.05052,0.883965,1.02726,1.20849,1.57978,1.3901,1.12408,1.02053,1.00291;1.01451,1.03605,0.883965,1.23493,0.971331,0.716967,-0.231057,0.219073,0.833873,1.01863,1.01451;0.863313,0.952797,1.02726,0.971331,1.01823,0.671189,1.47447,0.834285,0.408582,0.611483,0.863313;1.25411,1.00088,1.20849,0.716967,0.671189,1.85069,2.68258,2.9499,2.46362,1.7169,1.25411;1.41654,0.941845,1.57978,-0.231057,1.47447,2.68258,4.19804,5.31224,4.08094,2.33415,1.41654;1.25442,0.950795,1.3901,0.219073,0.834285,2.9499,5.31224,5.43312,3.55043,1.93544,1.25442;1.09081,0.98296,1.12408,0.833873,0.408582,2.46362,4.08094,3.55043,2.21995,1.38418,1.09081;1.02171,0.996875,1.02053,1.01863,0.611483,1.7169,2.33415,1.93544,1.38418,1.10548,1.02171;1.00389,0.999386,1.00291,1.01451,0.863313,1.25411,1.41654,1.25442,1.09081,1.02171,1.00389
1.00639,0.999245,1.00389,1.01925,0.838064,1.26206,1.48732,1.3237,1.12531,1.03259,1.00639;0.999245,1.00316,0.985393,1.04129,0.947521,1.00724,0.947993,0.949616,0.9813,0.996484,0.999245;1.00389,0.985393,1.05635,0.883314,1.00919,1.18997,1.59925,1.43261,1.14732,1.02611,1.00389;1.01925,1.04129,0.883314,1.2139,0.998802,0.801472,-0.151751,0.213126,0.824019,1.02411,1.01925;0.838064,0.947521,1.00919,0.998802,1.04036,0.615446,1.30123,0.768188,0.369324,0.569448,0.838064;1.26206,1.00724,1.18997,0.801472,0.615446,1.6426,2.48887,2.73188,2.33467,1.6892,1.26206;1.48732,0.947993,1.59925,-0.151751,1.30123,2.48887,3.92705,5.14806,4.14887,2.45458,1.48732;1.3237,0.949616,1.43261,0.213126,0.768188,2.73188,5.14806,5.56923,3.81304,2.10555,1.3237;1.12531,0.9813,1.14732,0.824019,0.369324,2.33467,4.14887,3.81304,2.44647,1.49028,1.12531;1.03259,0.996484,1.02611,1.02411,0.569448,1.6892,2.45458,2.10555,1.49028,1.14562,1.03259;1.00639,0.999245,1.00389,1.01925,0.838064,1.26206,1.48732,1.3237,1.12531,1.03259,1.00639
1.01011,0.999166,1.00507,1.02498,0.81148,1.26343,1.55996,1.40333,1.16858,1.04743,1.01011;0.999166,1.00411,0.982494,1.04669,0.941725,1.01401,0.957792,0.951377,0.980791,0.996444,0.999166;1.00507,0.982494,1.06168,0.884917,0.991118,1.16732,1.61232,1.47382,1.17226,1.03257,1.00507;1.02498,1.04669,0.884917,1.19144,1.01856,0.882192,-0.0622122,0.217764,0.816948,1.03061,1.02498;0.81148,0.941725,0.991118,1.01856,1.06937,0.583585,1.14672,0.704273,0.333918,0.529185,0.81148;1.26343,1.01401,1.16732,0.882192,0.583585,1.45164,2.29958,2.51872,2.19384,1.64722,1.26343;1.55996,0.957792,1.61232,-0.0622122,1.14672,2.29958,3.65678,4.95295,4.18118,2.56296,1.55996;1.40333,0.951377,1.47382,0.217764,0.704273,2.51872,4.95295,5.65918,4.06152,2.28483,1.40333;1.16858,0.980791,1.17226,0.816948,0.333918,2.19384,4.18118,4.06152,2.68695,1.61296,1.16858;1.04743,0.996444,1.03257,1.03061,0.529185,1.64722,2.56296,2.28483,1.61296,1.19602,1.04743;1.01011,0.999166,1.00507,1.02498,0.81148,1.26343,1.55996,1.40333,1.16858,1.04743,1.01011
1.01546,0.999225,1.00647,1.0318,0.784064,1.25746,1.6327,1.49308,1.22168,1.06714,1.01546;0.999225,1.00525,0.97941,1.0522,0.935341,1.02075,0.971371,0.956805,0.982008,0.99701,0.999225;1.00647,0.97941,1.06632,0.88872,0.973636,1.14116,1.61887,1.51308,1.19866,1.03996,1.00647;1.0318,1.0522,0.88872,1.16848,1.03071,0.957202,0.0353678,0.232901,0.81309,1.03819,1.0318;0.784064,0.935341,0.973636,1.03071,1.10214,0.573401,1.01198,0.643866,0.302914,0.491542,0.784064;1.25746,1.02075,1.14116,0.957202,0.573401,1.27964,2.11648,2.31233,2.0441,1.59165,1.25746;1.6327,0.971371,1.61887,0.0353678,1.01198,2.11648,3.39023,4.73175,4.17776,2.65636,1.6327;1.49308,0.956805,1.51308,0.232901,0.643866,2.31233,4.73175,5.70225,4.29061,2.47025,1.49308;1.22168,0.982008,1.19866,0.81309,0.302914,2.0441,4.17776,4.29061,2.93782,1.75216,1.22168;1.06714,0.99701,1.03996,1.03819,0.491542,1.59165,2.65636,2.47025,1.75216,1.25794,1.06714;1.01546,0.999225,1.00647,1.0318,0.784064,1.25746,1.6327,1.49308,1.22168,1.06714,1.01546
1.02296,0.999535,1.00811,1.03975,0.75639,1.24356,1.70364,1.5924,1.28556,1.09274,1.02296;0.999535,1.00659,0.976196,1.05783,0.928328,1.02699,0.988696,0.966596,0.98561,0.998511,0.999535;1.00811,0.976196,1.0701,0.894598,0.95726,1.11213,1.61893,1.54984,1.2263,1.04832,1.00811;1.03975,1.05783,0.894598,1.14593,1.03564,1.02488,0.138722,0.258214,0.812816,1.04691,1.03975;0.75639,0.928328,0.95726,1.03564,1.13586,0.582361,0.897612,0.588195,0.276789,0.457317,0.75639;1.24356,1.02699,1.11213,1.02488,0.582361,1.12794,1.94122,2.11442,1.88848,1.52357,1.24356;1.70364,0.988696,1.61893,0.138722,0.897612,1.94122,3.13005,4.48943,4.13932,2.73215,1.70364;1.5924,0.966596,1.54984,0.258214,0.588195,2.11442,4.48943,5.69872,4.49547,2.65845,1.5924;1.28556,0.98561,1.2263,0.812816,0.276789,1.88848,4.13932,4.49547,3.19501,1.90737,1.28556;1.09274,0.998511,1.04832,1.04691,0.457317,1.52357,2.73215,2.65845,1.90737,1.33251,1.09274;1.02296,0.999535,1.00811,1.03975,0.75639,1.24356,1.70364,1.5924,1.28556,1.09274,1.02296
1.03321,1.00025,1.01002,1.0489,0.729083,1.22139,1.7708,1.70034,1.36099,1.12525,1.03321;1.00025,1.00818,0.972914,1.06355,0.920678,1.03219,1.00957,0.98138,0.992323,1.00136,1.00025;1.01002,0.972914,1.07287,0.902362,0.942434,1.08095,1.61268,1.5836,1.25493,1.05767,1.01002;1.0489,1.06355,0.902362,1.1246,1.03397,1.0839,0.245569,0.293158,0.816427,1.05682,1.0489;0.729083,0.920678,0.942434,1.03397,1.16812,0.607689,0.803796,0.538368,0.255946,0.427248,0.729083;1.22139,1.03219,1.08095,1.0839,0.607689,0.997408,1.77532,1.92649,1.7299,1.44435,1.22139;1.7708,1.00957,1.61268,0.245569,0.803796,1.77532,2.87864,4.231,4.06732,2.78815,1.7708;1.70034,0.98138,1.5836,0.293158,0.538368,1.92649,4.231,5.64986,4.67179,2.84578,1.70034;1.36099,0.992323,1.25493,0.816427,0.255946,1.7299,4.06732,4.67179,3.45407,2.07756,1.36099;1.12525,1.00136,1.05767,1.05682,0.427248,1.44435,2.78815,2.84578,2.07756,1.42068,1.12525;1.03321,1.00025,1.01002,1.0489,0.729083,1.22139,1.7708,1.70034,1.36099,1.12525,1.03321
1.04689,1.00159,1.01222,1.05925,0.702806,1.19082,1.83214,1.81563,1.44853,1.16576,1.04689;1.00159,1.01005,0.969632,1.0694,0.912424,1.03581,1.0336,1.00168,1.00292,1.00604,1.00159;1.01222,0.969632,1.07452,0.911771,0.929522,1.04833,1.60044,1.61397,1.28432,1.06807,1.01222;1.05925,1.0694,0.911771,1.10518,1.02655,1.13331,0.353663,0.33699,0.824144,1.06795,1.05925;0.702806,0.912424,0.929522,1.02655,1.19685,0.646454,0.730292,0.495353,0.24071,0.401986,0.702806;1.19082,1.03581,1.04833,1.13331,0.646454,0.888408,1.62018,1.74982,1.57118,1.35562,1.19082;1.83214,1.0336,1.60044,0.353663,0.730292,1.62018,2.63806,3.96138,3.96388,2.82267,1.83214;1.81563,1.00168,1.61397,0.33699,0.495353,1.74982,3.96138,5.55785,4.81596,3.02843,1.81563;1.44853,1.00292,1.28432,0.824144,0.24071,1.57118,3.96388,4.81596,3.71032,2.26118,1.44853;1.16576,1.00604,1.06807,1.06795,0.401986,1.35562,2.82267,3.02843,2.26118,1.52314,1.16576;1.04689,1.00159,1.01222,1.05925,0.702806,1.19082,1.83214,1.81563,1.44853,1.16576,1.04689
1.06478,1.00381,1.01476,1.0708,0.678238,1.15198,1.8857,1.93663,1.54845,1.21531,1.06478;1.00381,1.01227,0.966426,1.07539,0.903646,1.03729,1.06025,1.02789,1.0182,1.01313,1.00381;1.01476,0.966426,1.07495,0.922547,0.918798,1.01496,1.58263,1.64069,1.31428,1.07956,1.01476;1.0708,1.07539,0.922547,1.08826,1.01437,1.17247,0.46085,0.388789,0.836111,1.08031,1.0708;0.678238,0.903646,0.918798,1.01437,1.22045,0.695658,0.676466,0.459955,0.231325,0.382089,0.678238;1.15198,1.03729,1.01496,1.17247,0.695658,0.800832,1.47698,1.58546,1.41498,1.25925,1.15198;1.8857,1.06025,1.58263,0.46085,0.676466,1.47698,2.41004,3.68533,3.83173,2.83451,1.8857;1.93663,1.02789,1.64069,0.388789,0.459955,1.58546,3.68533,5.42562,4.92507,3.20253,1.93663;1.54845,1.0182,1.31428,0.836111,0.231325,1.41498,3.83173,4.92507,3.95893,2.4562,1.54845;1.21531,1.01313,1.07956,1.08031,0.382089,1.25925,2.83451,3.20253,2.4562,1.6403,1.21531;1.06478,1.00381,1.01476,1.0708,0.678238,1.15198,1.8857,1.93663,1.54845,1.21531,1.06478
1.08772,1.00725,1.01768,1.08353,0.656057,1.10523,1.92958,2.0614,1.66074,1.27491,1.08772;1.00725,1.01492,0.963377,1.08156,0.894474,1.03613,1.0888,1.06023,1.03896,1.02328,1.00725;1.01768,0.963377,1.07412,0.934383,0.910444,0.981525,1.55978,1.66357,1.34461,1.09222,1.01768;1.08353,1.08156,0.934383,1.07429,0.9985,1.20107,0.565112,0.447487,0.852385,1.09392,1.08353;0.656057,0.894474,0.910444,0.9985,1.2377,0.752315,0.641321,0.4328,0.227953,0.368004,0.656057;1.10523,1.03613,0.981525,1.20107,0.752315,0.73412,1.34672,1.43424,1.26375,1.15724,1.10523;1.92958,1.0888,1.55978,0.565112,0.641321,1.34672,2.19605,3.40735,3.6741,2.82306,1.92958;2.0614,1.06023,1.66357,0.447487,0.4328,1.43424,3.40735,5.25683,4.99705,3.3643,2.0614;1.66074,1.03896,1.34461,0.852385,0.227953,1.26375,3.6741,4.99705,4.19508,2.66009,1.66074;1.27491,1.02328,1.09222,1.09392,0.368004,1.15724,2.82306,3.3643,2.66009,1.7722,1.27491;1.08772,1.00725,1.01768,1.08353,0.656057,1.10523,1.92958,2.0614,1.66074,1.27491,1.08772
1.11662,1.01232,1.02107,1.09738,0.636918,1.05119,1.96209,2.18774,1.78504,1.34545,1.11662;1.01232,1.01812,0.960571,1.08795,0.885089,1.03185,1.11839,1.09874,1.06594,1.03721,1.01232;1.02107,0.960571,1.07201,0.946959,0.904557,0.948625,1.53246,1.68254,1.37519,1.10614,1.02107;1.09738,1.08795,0.946959,1.06356,0.980093,1.21913,0.664606,0.511901,0.87294,1.10878,1.09738;0.636918,0.885089,0.904557,0.980093,1.24783,0.813531,0.623533,0.414329,0.230676,0.360065,0.636918;1.05119,1.03185,0.948625,1.21913,0.813531,0.687296,1.23016,1.2968,1.11968,1.05173,1.05119;1.96209,1.11839,1.53246,0.664606,0.623533,1.23016,1.99723,3.13164,3.4946,2.78826,1.96209;2.18774,1.09874,1.68254,0.511901,0.414329,1.2968,3.13164,5.05568,5.03065,3.51007,2.18774;1.78504,1.06594,1.37519,0.87294,0.230676,1.11968,3.4946,5.03065,4.41412,2.86993,1.78504;1.34545,1.03721,1.10614,1.10878,0.360065,1.05173,2.78826,3.51007,2.86993,1.91853,1.34545;1.11662,1.01232,1.02107,1.09738,0.636918,1.05119,1.96209,2.18774,1.78504,1.34545,1.11662
1.15242,1.01949,1.02501,1.11228,0.621437,0.990702,1.98173,2.31321,1.92064,1.42769,1.15242;1.01949,1.02203,0.958101,1.09463,0.875721,1.02408,1.14804,1.14321,1.09984,1.05566,1.01949;1.02501,0.958101,1.06864,0.959954,0.901149,0.916801,1.50129,1.69763,1.40593,1.12145,1.02501;1.11228,1.09463,0.959954,1.05625,0.960298,1.22696,0.7577,0.580763,0.89767,1.12488,1.11228;0.621437,0.875721,0.901149,0.960298,1.25044,0.876574,0.6215,0.404783,0.239495,0.358484,0.621437;0.990702,1.02408,0.916801,1.22696,0.876574,0.659015,1.12784,1.17354,0.984688,0.944866,0.990702;1.98173,1.14804,1.50129,0.7577,0.6215,1.12784,1.81443,2.86201,3.29714,2.73062,1.98173;2.31321,1.14321,1.69763,0.580763,0.404783,1.17354,2.86201,4.82679,5.02547,3.6365,2.31321;1.92064,1.09984,1.40593,0.89767,0.239495,0.984688,3.29714,5.02547,4.61164,3.08244,1.92064;1.42769,1.05566,1.12145,1.12488,0.358484,0.944866,2.73062,3.6365,3.08244,2.07855,1.42769;1.15242,1.01949,1.02501,1.11228,0.621437,0.990702,1.98173,2.31321,1.92064,1.42769,1.15242
1.19609,1.02931,1.02965,1.12814,0.610168,0.92482,1.98729,2.43522,2.06646,1.52221,1.19609;1.02931,1.02684,0.956069,1.10164,0.866647,1.0125,1.17669,1.19326,1.14121,1.07945,1.02931;1.02965,0.956069,1.06407,0.973056,0.900159,0.886512,1.46692,1.70893,1.43678,1.13829,1.02965;1.12814,1.10164,0.973056,1.05237,0.940233,1.22514,0.842997,0.652754,0.92639,1.1422,1.12814;0.610168,0.866647,0.900159,0.940233,1.24554,0.938935,0.633392,0.404206,0.254336,0.363355,0.610168;0.92482,1.0125,0.886512,1.22514,0.938935,0.647616,1.04004,1.06469,0.860403,0.838809,0.92482;1.98729,1.17669,1.46692,0.842997,0.633392,1.04004,1.64823,2.60185,3.08581,2.65119,1.98729;2.43522,1.19326,1.70893,0.652754,0.404206,1.06469,2.60185,4.57513,4.98197,3.74058,2.43522;2.06646,1.14121,1.43678,0.92639,0.254336,0.860403,3.08581,4.98197,4.78363,3.29406,2.06646;1.52221,1.07945,1.13829,1.1422,0.363355,0.838809,2.65119,3.74058,3.29406,2.25108,1.52221;1.19609,1.02931,1.02965,1.12814,0.610168,0.92482,1.98729,2.43522,2.06646,1.52221,1.19609
1.24857,1.04241,1.03516,1.14485,0.603592,0.854775,1.97788,2.55109,2.22102,1.62935,1.24857;1.04241,1.0328,0.954587,1.10904,0.858183,0.996964,1.2032,1.24824,1.1905,1.10937,1.04241;1.03516,0.954587,1.05839,0.985976,0.901465,0.858129,1.42996,1.7166,1.46773,1.15686,1.03516;1.14485,1.10904,0.985976,1.05182,0.920949,1.21446,0.919355,0.726536,0.958845,1.16073,1.14485;0.603592,0.858183,0.901465,0.920949,1.23343,0.998378,0.657202,0.412446,0.275048,0.374654,0.603592;0.854775,0.996964,0.858129,1.21446,0.998378,0.65118,0.966784,0.970267,0.748143,0.735642,0.854775;1.97788,1.2032,1.42996,0.919355,0.657202,0.966784,1.49896,2.35411,2.86479,2.5515,1.97788;2.55109,1.24824,1.7166,0.726536,0.412446,0.970267,2.35411,4.30578,4.90137,3.81977,2.55109;2.22102,1.1905,1.46773,0.958845,0.275048,0.748143,2.86479,4.90137,4.9266,3.50105,2.22102;1.62935,1.10937,1.15686,1.16073,0.374654,0.735642,2.5515,3.81977,3.50105,2.43455,1.62935;1.24857,1.04241,1.03516,1.14485,0.603592,0.854775,1.97788,2.55109,2.22102,1.62935,1.24857
1.31075,1.05947,1.04173,1.1623,0.6021,0.781944,1.95297,2.65814,2.38251,1.7492,1.31075;1.05947,1.04021,0.953784,1.11688,0.850677,0.97741,1.22643,1.30728,1.24795,1.14622,1.05947;1.04173,0.953784,1.05173,0.998451,0.904893,0.831933,1.391,1.72086,1.49882,1.17737,1.04173;1.1623,1.11688,0.998451,1.05439,0.903392,1.19592,0.985896,0.80078,0.994716,1.18047,1.1623;0.6021,0.850677,0.904893,0.903392,1.21473,1.05298,0.690809,0.429159,0.301411,0.392245,0.6021;0.781944,0.97741,0.831933,1.19592,1.05298,0.667595,0.907846,0.89012,0.64892,0.637333,0.781944;1.95297,1.22643,1.391,0.985896,0.690809,0.907846,1.36669,2.12128,2.63821,2.43356,1.95297;2.65814,1.30728,1.72086,0.80078,0.429159,0.89012,2.12128,4.02394,4.7857,3.87207,2.65814;2.38251,1.24795,1.49882,0.994716,0.301411,0.64892,2.63821,4.7857,5.03762,3.69957,2.38251;1.7492,1.14622,1.17737,1.18047,0.392245,0.637333,2.43356,3.87207,3.69957,2.62694,1.7492;1.31075,1.05947,1.04173,1.1623,0.6021,0.781944,1.95297,2.65814,2.38251,1.7492,1.31075
1.38347,1.08124,1.04963,1.18038,0.605984,0.707817,1.9124,2.75372,2.54879,1.88152,1.38347;1.08124,1.04943,0.953804,1.1252,0.844496,0.953936,1.24527,1.36932,1.31362,1.19072,1.08124;1.04963,0.953804,1.04424,1.01026,0.910232,0.808117,1.35059,1.72194,1.53011,1.20009,1.04963;1.18038,1.1252,1.01026,1.05976,0.888387,1.17065,1.04201,0.874199,1.03363,1.20139,1.18038;0.605984,0.844496,0.910232,0.888387,1.19031,1.10116,0.732029,0.453827,0.333141,0.41589,0.605984;0.707817,0.953936,0.808117,1.17065,1.10116,0.694621,0.862764,0.823928,0.563433,0.545689,0.707817;1.9124,1.24527,1.35059,1.04201,0.732029,0.862764,1.25126,1.90535,2.41013,2.29975,1.9124;2.75372,1.36932,1.72194,0.874199,0.453827,0.823928,1.90535,3.73468,4.63761,3.89603,2.75372;2.54879,1.31362,1.53011,1.03363,0.333141,0.563433,2.41013,4.63761,5.11443,3.88579,2.54879;1.88152,1.19072,1.20009,1.20139,0.41589,0.545689,2.29975,3.89603,3.88579,2.82588,1.88152;1.38347,1.08124,1.04963,1.18038,0.605984,0.707817,1.9124,2.75372,2.54879,1.88152,1.38347
1.46741,1.10848,1.05915,1.19898,0.615429,0.633951,1.8564,2.83536,2.7174,2.02577,1.46741;1.10848,1.0609,0.954818,1.13406,0.840021,0.926782,1.25864,1.43306,1.38732,1.24355,1.10848;1.05915,0.954818,1.0361,1.02121,0.917248,0.786793,1.30921,1.72008,1.56169,1.2253,1.05915;1.19898,1.13406,1.02121,1.06753,0.876613,1.13988,1.08736,0.94557,1.07516,1.22351,1.19898;0.615429,0.840021,0.917248,0.876613,1.16121,1.14171,0.778675,0.485765,0.36989,0.44526,0.615429;0.633951,0.926782,0.786793,1.13988,1.14171,0.729955,0.830845,0.771215,0.492087,0.462318,0.633951;1.8564,1.25864,1.30921,1.08736,0.778675,0.830845,1.15231,1.70785,2.18435,2.15277,1.8564;2.83536,1.43306,1.72008,0.94557,0.485765,0.771215,1.70785,3.44292,4.46038,3.89085,2.83536;2.7174,1.38732,1.56169,1.07516,0.36989,0.492087,2.18435,4.46038,5.1555,4.056,2.7174;2.02577,1.24355,1.2253,1.22351,0.44526,0.462318,2.15277,3.89085,4.056,3.02862,2.02577;1.46741,1.10848,1.05915,1.19898,0.615429,0.633951,1.8564,2.83536,2.7174,2.02577,1.46741
1.56313,1.14199,1.07066,1.218,0.630508,0.561931,1.78558,2.90076,2.88566,2.18106,1.56313;1.14199,1.0751,0.957022,1.14347,0.837628,0.896332,1.26559,1.49708,1.46865,1.30524,1.14199;1.07066,0.957022,1.02754,1.03118,0.925696,0.767999,1.26727,1.71552,1.59365,1.25329,1.07066;1.218,1.14347,1.03118,1.07724,0.868591,1.10493,1.12184,1.01376,1.11885,1.24682,1.218;0.630508,0.837628,0.925696,0.868591,1.12862,1.17376,0.828607,0.524145,0.411256,0.479943,0.630508;0.561931,0.896332,0.767999,1.10493,1.17376,0.771294,0.811188,0.731365,0.435003,0.388597,0.561931;1.78558,1.26559,1.26727,1.12184,0.828607,0.811188,1.06929,1.52986,1.96445,1.99557,1.78558;2.90076,1.49708,1.71552,1.01376,0.524145,0.731365,1.52986,3.15332,4.25775,3.85635,2.90076;2.88566,1.46865,1.59365,1.11885,0.411256,0.435003,1.96445,4.25775,5.16005,4.2067,2.88566;2.18106,1.30524,1.25329,1.24682,0.479943,0.388597,1.99557,3.85635,4.2067,3.23213,2.18106;1.56313,1.14199,1.07066,1.218,0.630508,0.561931,1.78558,2.90076,2.88566,2.18106,1.56313
1.67097,1.18258,1.08455,1.23737,0.651182,0.493323,1.70096,2.94793,3.0507,2.34615,1.67097;1.18258,1.09257,0.960646,1.15348,0.837681,0.863108,1.26531,1.55981,1.55691,1.3762,1.18258;1.08455,0.960646,1.01879,1.04008,0.935333,0.751713,1.2251,1.70847,1.62607,1.2844,1.08455;1.23737,1.15348,1.04008,1.08841,0.864681,1.0671,1.1456,1.07773,1.16422,1.27136,1.23737;0.651182,0.837681,0.935333,0.864681,1.09381,1.19683,0.879786,0.568016,0.456787,0.519466,0.651182;0.493323,0.863108,0.751713,1.0671,1.19683,0.816399,0.802708,0.703636,0.392038,0.32565,0.493323;1.70096,1.26531,1.2251,1.1456,0.879786,0.802708,1.00147,1.37199,1.75363,1.83126,1.70096;2.94793,1.55981,1.70847,1.07773,0.568016,0.703636,1.37199,2.87015,4.03385,3.793,2.94793;3.0507,1.55691,1.62607,1.16422,0.456787,0.392038,1.75363,4.03385,5.12804,4.3347,3.0507;2.34615,1.3762,1.2844,1.27136,0.519466,0.32565,1.83126,3.793,4.3347,3.43316,2.34615;1.67097,1.18258,1.08455,1.23737,0.651182,0.493323,1.70096,2.94793,3.0507,2.34615,1.67097
1.79107,1.23103,1.10127,1.25705,0.677305,0.429638,1.60386,2.97523,3.2095,2.51945,1.79107;1.23103,1.11392,0.965957,1.16411,0.840516,0.827763,1.25715,1.6196,1.65118,1.45666,1.23103;1.10127,0.965957,1.01011,1.04786,0.94593,0.737862,1.18296,1.69907,1.659,1.31892,1.10127;1.25705,1.16411,1.04786,1.10051,0.865082,1.02771,1.15901,1.13657,1.21075,1.29715,1.25705;0.677305,0.840516,0.94593,0.865082,1.05807,1.21076,0.930311,0.616329,0.50599,0.563303,0.677305;0.429638,0.827763,0.737862,1.02771,1.21076,0.863146,0.804167,0.687173,0.362811,0.274331,0.429638;1.60386,1.25715,1.18296,1.15901,0.930311,0.804167,0.947981,1.23447,1.55472,1.663,1.60386;2.97523,1.6196,1.69907,1.13657,0.616329,0.687173,1.23447,2.59727,3.79308,3.70188,2.97523;3.2095,1.65118,1.659,1.21075,0.50599,0.362811,1.55472,3.79308,5.0602,4.43722,3.2095;2.51945,1.45666,1.31892,1.29715,0.563303,0.274331,1.663,3.70188,4.43722,3.62831,2.51945;1.79107,1.23103,1.10127,1.25705,0.677305,0.429638,1.60386,2.97523,3.2095,2.51945,1.79107
1.92328,1.28804,1.12129,1.27701,0.708627,0.372285,1.49597,2.98141,3.35905,2.69903,1.92328;1.28804,1.13981,0.973261,1.17539,0.846432,0.791062,1.24066,1.67475,1.75025,1.54663,1.28804;1.12129,0.973261,1.00179,1.05455,0.957278,0.726343,1.14102,1.68744,1.69247,1.35717,1.12129;1.27701,1.17539,1.05455,1.11302,0.869834,0.987983,1.16261,1.18951,1.25793,1.32423,1.27701;0.708627,0.846432,0.957278,0.869834,1.0227,1.21574,0.978465,0.667963,0.558331,0.610894,0.708627;0.372285,0.791062,0.726343,0.987983,1.21574,0.909578,0.814201,0.681025,0.346726,0.235219,0.372285;1.49597,1.24066,1.14102,1.16261,0.978465,0.814201,0.907804,1.11712,1.37013,1.494,1.49597;2.98141,1.67475,1.68744,1.18951,0.667963,0.681025,1.11712,2.33807,3.53999,3.58467,2.98141;3.35905,1.75025,1.69247,1.25793,0.558331,0.346726,1.37013,3.53999,4.95799,4.51195,3.35905;2.69903,1.54663,1.35717,1.32423,0.610894,0.235219,1.494,3.58467,4.51195,3.81409,2.69903;1.92328,1.28804,1.12129,1.27701,0.708627,0.372285,1.49597,2.98141,3.35905,2.69903,1.92328
2.06718,1.35427,1.14514,1.2973,0.744808,0.322543,1.37923,2.96564,3.49631,2.88266,2.06718;1.35427,1.17093,0.98291,1.18736,0.855683,0.753862,1.21562,1.72357,1.8527,1.64592,1.35427;1.14514,0.98291,0.994144,1.06018,0.969198,0.717029,1.09939,1.67361,1.72643,1.3994,1.14514;1.2973,1.18736,1.06018,1.12546,0.878831,0.9491,1.15713,1.2359,1.30523,1.35265,1.2973;0.744808,0.855683,0.969198,0.878831,0.98891,1.21223,1.02274,0.721748,0.613246,0.661658,0.744808;0.322543,0.753862,0.717029,0.9491,1.21223,0.953948,0.831363,0.68416,0.343004,0.208616,0.322543;1.37923,1.21562,1.09939,1.15713,1.02274,0.831363,0.879827,1.01944,1.20179,1.32733,1.37923;2.96564,1.72357,1.67361,1.2359,0.721748,0.68416,1.01944,2.09541,3.27918,3.44359,2.96564;3.49631,1.8527,1.72643,1.30523,0.613246,0.343004,1.20179,3.27918,4.82351,4.5571,3.49631;2.88266,1.64592,1.3994,1.35265,0.661658,0.208616,1.32733,3.44359,4.5571,3.98703,2.88266;2.06718,1.35427,1.14514,1.2973,0.744808,0.322543,1.37923,2.96564,3.49631,2.88266,2.06718
2.22208,1.43024,1.17335,1.31799,0.785424,0.281523,1.2558,2.92758,3.61841,3.06783,2.22208;1.43024,1.20797,0.995298,1.20004,0.868463,0.717095,1.18206,1.76445,1.95689,1.75406,1.43024;1.17335,0.995298,0.987513,1.06488,0.981548,0.709792,1.05815,1.65755,1.76076,1.44586,1.17335;1.31799,1.20004,1.06488,1.13736,0.891837,0.912114,1.14341,1.27523,1.35213,1.38247,1.31799;0.785424,0.868463,0.981548,0.891837,0.957835,1.20095,1.06187,0.776501,0.670149,0.715009,0.785424;0.281523,0.717095,0.709792,0.912114,1.20095,0.994748,0.85415,0.695482,0.350712,0.194556,0.281523;1.2558,1.18206,1.05815,1.14341,1.06187,0.85415,0.862842,0.940611,1.05121,1.16595,1.2558;2.92758,1.76445,1.65755,1.27523,0.776501,0.695482,0.940611,1.87159,3.01516,3.28133,2.92758;3.61841,1.95689,1.76076,1.35213,0.670149,0.350712,1.05121,3.01516,4.6595,4.57151,3.61841;3.06783,1.75406,1.44586,1.38247,0.715009,0.194556,1.16595,3.28133,4.57151,4.14379,3.06783;2.22208,1.43024,1.17335,1.31799,0.785424,0.281523,1.2558,2.92758,3.61841,3.06783,2.22208
2.38691,1.51635,1.20645,1.3392,0.829988,0.250145,1.12803,2.86739,3.72263,3.25181,2.38691;1.51635,1.25166,1.01086,1.2135,0.884907,0.681736,1.14025,1.79588,2.061,1.87033,1.51635;1.20645,1.01086,0.982258,1.06878,0.994221,0.704508,1.0173,1.63916,1.79528,1.49668,1.20645;1.3392,1.2135,1.06878,1.1483,0.9085,0.877952,1.12241,1.30713,1.3981,1.41373,1.3392;0.829988,0.884907,0.994221,0.9085,0.930466,1.18285,1.09483,0.831041,0.728432,0.770366,0.829988;0.250145,0.681736,0.704508,0.877952,1.18285,1.03074,0.881048,0.713849,0.368791,0.192818,0.250145;1.12803,1.14025,1.0173,1.12241,1.09483,0.881048,0.855578,0.879574,0.919396,1.01257,1.12803;2.86739,1.79588,1.63916,1.30713,0.831041,0.713849,0.879574,1.66838,2.75229,3.10098,2.86739;3.72263,2.061,1.79528,1.3981,0.728432,0.368791,0.919396,2.75229,4.46922,4.55461,3.72263;3.25181,1.87033,1.49668,1.41373,0.770366,0.192818,1.01257,3.10098,4.55461,4.2812,3.25181;2.38691,1.51635,1.20645,1.3392,0.829988,0.250145,1.12803,2.86739,3.72263,3.25181,2.38691
2.56034,1.6128,1.24497,1.36111,0.877961,0.229117,0.998368,2.7857,3.80653,3.43167,2.56034;1.6128,1.30268,1.03008,1.22782,0.905081,0.64878,1.0907,1.81649,2.16304,1.99377,1.6128;1.24497,1.03008,0.978769,1.07207,1.00715,0.701076,0.976826,1.61829,1.82969,1.55194,1.24497;1.36111,1.22782,1.07207,1.15794,0.928375,0.847405,1.09515,1.33138,1.44263,1.44648,1.36111;0.877961,0.905081,1.00715,0.928375,0.907639,1.15902,1.12087,0.884226,0.787476,0.827169,0.877961;0.229117,0.64878,0.701076,0.847405,1.15902,1.06097,0.910563,0.738086,0.396087,0.202946,0.229117;0.998368,1.0907,0.976826,1.09515,1.12087,0.910563,0.856714,0.835045,0.806928,0.869643,0.998368;2.7857,1.81649,1.61829,1.33138,0.884226,0.738086,0.835045,1.48702,2.49465,2.90595,2.7857;3.80653,2.16304,1.82969,1.44263,0.787476,0.396087,0.806928,2.49465,4.25636,4.50649,3.80653;3.43167,1.99377,1.55194,1.44648,0.827169,0.202946,0.869643,2.90595,4.50649,4.39636,3.43167;2.56034,1.6128,1.24497,1.36111,0.877961,0.229117,0.998368,2.7857,3.80653,3.43167,2.56034
2.74071,1.71963,1.28941,1.38392,0.928771,0.218921,0.869303,2.68361,3.86802,3.60442,2.74071;1.71963,1.3617,1.05348,1.24309,0.928988,0.61921,1.03417,1.82517,2.26096,2.12311,1.71963;1.28941,1.05348,0.977462,1.07498,1.02032,0.699419,0.936722,1.59472,1.8636,1.61161,1.28941;1.38392,1.24309,1.07498,1.166,0.950944,0.821109,1.0627,1.34785,1.48523,1.48076,1.38392;0.928771,0.928988,1.02032,0.950944,0.890018,1.13068,1.13949,0.934969,0.846658,0.884883,0.928771;0.218921,0.61921,0.699419,0.821109,1.13068,1.08477,0.941259,0.767005,0.431383,0.224273,0.218921;0.869303,1.03417,0.936722,1.0627,1.13949,0.941259,0.86491,0.805574,0.713947,0.739277,0.869303;2.68361,1.82517,1.59472,1.34785,0.934969,0.767005,0.805574,1.32817,2.24601,2.69988,2.68361;3.86802,2.26096,1.8636,1.48523,0.846658,0.431383,0.713947,2.24601,4.02494,4.42785,3.86802;3.60442,2.12311,1.61161,1.48076,0.884883,0.224273,0.739277,2.69988,4.42785,4.48675,3.60442;2.74071,1.71963,1.28941,1.38392,0.928771,0.218921,0.869303,2.68361,3.86802,3.60442,2.74071
